35,95
35,94
0,534
0,533
35,93
35,92
0,532
0,531
25,37
0,530
37,9
37,8
0,529
0,528
35,91
35,90
35,89
0,527
0,526
35,88
0,525
35,87
35,86
35,85
0,524
0,523
35,84
35,83
35,82
35,81
35,80
35,79
35,78
35,77
0,522
0,521
0,520
0,519
35,76
0,518
35,75
35,74
35,73
35,72
35,71
35,70
0,517
0,516
0,515
25,36
0,514
0,513
35,69
0,512
0,511
0,510
0,509
0,508
35,68
35,67
35,66
35,65
35,64
35,37
35,36
35,35
35,34
35,33
35,32
35,31
35,30
35,29
35,28
35,27
35,26
35,25
35,24
35,23
35,22
35,21
35,20
35,19
35,18
35,17
35,16
35,15
35,14
35,13
35,12
35,11
0,507
0,506
35,10
35,9
0,505
0,504
0,503
0,502
35,8
35,7
0,501
0,500
0,499
0,498
0,497
0,496
0,495
0,494
0,493
0,492
0,491
0,490
0,489
0,488
0,487
0,486
0,485
0,484
35,6
0,483
0,482
0,481
0,480
0,479
0,478
0,477
0,476
0,475
0,474
0,473
0,472
0,471
0,470
0,469
0,468
0,467
0,466
0,465
0,464
0,463
0,462
0,461
0,460
0,459
0,458
0,457
0,456
0,455
